      9 A383
      9 2402
      9 0536
      8 2126
      8 0356
      7 A473
      7 3210
      7 2803
      7 2396
      6 A389
      6 A112
      6 3753
      6 3447
      6 3252
      6 2894
      6 2359
      6 2357
      6 2043
      6 2002
      6 2001
      6 0464
      5 A1384
      5 3945
      5 3900
      5 3769
      5 3476
      5 3249
      5 2730
      5 2537
      5 2532
      5 2010
      4 A500
      4 A432
      4 A421
      4 A253
      4 3918
      4 3693
      4 3606
      4 3554
      4 3381
      4 3318
      4 3212
      4 2608
      4 2526
      4 2520
      4 2503
      4 2311
      4 2246
      4 2206
      4 2179
      4 2136
      4 2121
      4 2053
      4 2035
      4 2006
      4 0410
      3 A566
      3 A549
      3 A482
      3 A478
      3 A475
      3 A445
      3 A440
      3 A431
      3 A310
      3 A272
      3 A252
      3 A165
      3 A141
      3 A122
      3 A117
      3 A1159
      3 A113
      3 A1066
      3 3910
      3 3850
      3 3757
      3 3659
      3 3623
      3 3579
      3 3532
      3 3461
      3 3358
      3 3330
      3 3303
      3 3273
      3 3253
      3 3225
      3 3223
      3 3220
      3 3213
      3 3206
      3 3201
      3 3111
      3 3066
      3 2759
      3 2725
      3 2590
      3 2528
      3 2507
      3 2440
      3 2404
      3 2337
      3 2332
      3 2196
      3 2130
      3 2096
      3 2085
      3 2081
      3 2042
      3 2032
      3 2004
      3 0863
      3 0713
      3 0595
      3 0532
      3 0434
      3 0430
      3 0322
      3 0316
      2 X2592
      2 X2430
      2 A700
      2 A699
      2 A673
      2 A614
      2 A565
      2 A551
      2 A548
      2 A518
      2 A484
      2 A457
      2 A425
      2 A418
      2 A406
      2 A361
      2 A343
      2 A337
      2 A326
      2 A322
      2 A297
      2 A240
      2 A196
      2 A178
      2 A172
      2 A1548
      2 A150
      2 A147
      2 A1463
      2 A1452
      2 A130
      2 A108
      2 A104
      2 A103
      2 A1010
      2 A101
      2 3980
      2 3877
      2 3824
      2 3795
      2 3752
      2 3735
      2 3704
      2 3688
      2 3687
      2 3679
      2 3676
      2 3600
      2 3596
      2 3556
      2 3484
      2 3464
      2 3436
      2 3434
      2 3410
      2 3403
      2 3369
      2 3359
      2 3357
      2 3347
      2 3345
      2 3334
      2 3312
      2 3311
      2 3265
      2 3250
      2 3247
      2 3235
      2 3226
      2 3221
      2 3217
      2 3204
      2 3202
      2 3197
      2 3176
      2 3165
      2 3153
      2 3148
      2 3110
      2 3102
      2 3035
      2 3034
      2 3033
      2 3030
      2 2946
      2 2940
      2 2916
      2 2776
      2 2729
      2 2723
      2 2700
      2 2688
      2 2592
      2 2562
      2 2556
      2 2522
      2 2508
      2 2438
      2 2429
      2 2405
      2 2403
      2 2376
      2 2369
      2 2358
      2 2345
      2 2344
      2 2342
      2 2325
      2 2301
      2 2284
      2 2265
      2 2258
      2 2255
      2 2245
      2 2241
      2 2240
      2 2226
      2 2192
      2 2184
      2 2127
      2 2124
      2 2120
      2 2093
      2 2069
      2 2065
      2 2061
      2 2041
      2 2020
      2 2016
      2 2007
      2 0944
      2 0881
      2 0851
      2 0753
      2 0720
      2 0593
      2 0592
      2 0591
      2 0574
      2 0538
      2 0537
      2 0530
      2 0523
      2 0516
      2 0467
      2 0460
      2 0411
      2 0359
      2 0353
      2 0344
      2 0338
      1 X2776
      1 X2776
      1 X2772
      1 X2677
      1 X2431
      1 X2359
      1 X2355
      1 X2342
      1 X2289
      1 X2121
      1 A956
      1 A954
      1 A910
      1 A902
      1 A897
      1 A886
      1 A883
      1 A882
      1 A870
      1 A868
      1 A865
      1 A857
      1 A854
      1 A839
      1 A808
      1 A802
      1 A757
      1 A731
      1 A723
      1 A718
      1 A717
      1 A708
      1 A707
      1 A691
      1 A690
      1 A689
      1 A631
      1 A622
      1 A619
      1 A613
      1 A589
      1 A588
      1 A585
      1 A580
      1 A568
      1 A562
      1 A550
      1 A541
      1 A537
      1 A536
      1 A532
      1 A529
      1 A525
      1 A521
      1 A520
      1 A516
      1 A508
      1 A507
      1 A506
      1 A501
      1 A483
      1 A476
      1 A472
      1 A461
      1 A459
      1 A455
      1 A441
      1 A437
      1 A433
      1 A429
      1 A386
      1 A385
      1 A384
      1 A382
      1 A381
      1 A376
      1 A372
      1 A314
      1 A311
      1 A309
      1 A293
      1 A292
      1 A291
      1 A289
      1 A281
      1 A279
      1 A273
      1 A255
      1 A250
      1 A243
      1 A242
      1 A235
      1 A225
      1 A220
      1 A2179
      1 A2166
      1 A2126
      1 A2082
      1 A2002
      1 A2001
      1 A200
      1 A1980
      1 A1979
      1 A195
      1 A1922
      1 A1901
      1 A188
      1 A1543
      1 A152
      1 A1518
      1 A1517
      1 A1513
      1 A1501
      1 A1478
      1 A1465
      1 A1453
      1 A1447
      1 A142
      1 A1394
      1 A1389
      1 A134
      1 A1319
      1 A1313
      1 A1302
      1 A1292
      1 A1220
      1 A1206
      1 A118
      1 A1179
      1 A1168
      1 A1164
      1 A1163
      1 A1157
      1 A1156
      1 A1150
      1 A112 
      1 A1092
      1 A1037
      1 A1021
      1 A1017
      1 3995
      1 3990
      1 3975
      1 3973
      1 3971
      1 3966
      1 3962
      1 3961
      1 3937
      1 3925
      1 3911
      1 3909
      1 3905
      1 3889
      1 3867
      1 3866
      1 3864
      1 3863
      1 3852
      1 3844
      1 3843
      1 3837
      1 3830
      1 3826
      1 3810
      1 3809
      1 3802
      1 3799
      1 3796
      1 3790
      1 3788
      1 3785
      1 3782
      1 3780
      1 3774
      1 3765
      1 3763
      1 3761
      1 3759
      1 3756
      1 3747
      1 3744
      1 3742
      1 3739
      1 3734
      1 3722
      1 3721
      1 3716
      1 3711
      1 3692
      1 3674
      1 3672
      1 3643
      1 3632
      1 3629
      1 3624
      1 3621
      1 3620
      1 3604
      1 3603
      1 3597
      1 3595
      1 3594
      1 3587
      1 3582
      1 3581
      1 3576
      1 3573
      1 3567
      1 3560
      1 3559
      1 3558
      1 3557
      1 3555
      1 3553
      1 3552
      1 3551
      1 3550
      1 3548
      1 3547
      1 3546
      1 3545
      1 3542
      1 3541
      1 3540
      1 3527
      1 3526
      1 3523
      1 3515
      1 3514
      1 3509
      1 3508
      1 3507
      1 3506
      1 3499
      1 3498
      1 3489
      1 3485
      1 3482
      1 3481
      1 3480
      1 3478
      1 3475
      1 3473
      1 3472
      1 3467
      1 3466
      1 3460
      1 3454
      1 3448
      1 3442
      1 3437
      1 3433
      1 3419
      1 3411
      1 3409
      1 3407
      1 3402
      1 3401
      1 3400
      1 3397
      1 3396
      1 3392
      1 3388
      1 3387
      1 3386
      1 3384
      1 3378
      1 3375
      1 3374
      1 3365
      1 3354
      1 3353
      1 3348
      1 3346
      1 3341
      1 3340
      1 3336
      1 3335
      1 3319
      1 3310
      1 3295
      1 3285
      1 3284
      1 3281
      1 3280
      1 3278
      1 3276
      1 3275
      1 3272
      1 3269
      1 3266
      1 3264
      1 3259
      1 3258
      1 3257
      1 3248
      1 3242
      1 3240
      1 3237
      1 3228
      1 3227
      1 3222
      1 3218
      1 3216
      1 3215
      1 3211
      1 3208
      1 3205
      1 3203
      1 3200
      1 3199
      1 3198
      1 3196
      1 3195
      1 3194
      1 3193
      1 3192
      1 3191
      1 3190
      1 3189
      1 3188
      1 3187
      1 3186
      1 3185
      1 3184
      1 3183
      1 3182
      1 3181
      1 3180
      1 3179
      1 3178
      1 3177
      1 3175
      1 3171
      1 3167
      1 3164
      1 3163
      1 3160
      1 3143
      1 3142
      1 3141
      1 3140
      1 3139
      1 3138
      1 3137
      1 3136
      1 3135
      1 3134
      1 3133
      1 3132
      1 3131
      1 3130
      1 3129
      1 3128
      1 3127
      1 3126
      1 3121
      1 3120
      1 3119
      1 3118
      1 3117
      1 3116
      1 3115
      1 3114
      1 3113
      1 3112
      1 3109
      1 3108
      1 3107
      1 3106
      1 3105
      1 3104
      1 3103
      1 3101
      1 3100
      1 3098
      1 3086
      1 3083
      1 3082
      1 3076
      1 3075
      1 3056
      1 3051
      1 3042
      1 3036
      1 3032
      1 3031
      1 2996
      1 2992
      1 2976
      1 2968
      1 2960
      1 2959
      1 2945
      1 2930
      1 2913
      1 2902
      1 2887
      1 2882
      1 2855
      1 2849
      1 2844
      1 2840
      1 2827
      1 2815
      1 2813
      1 2810
      1 2804
      1 2800
      1 2788
      1 2778
      1 2772
      1 2771
      1 2753
      1 2752
      1 2750
      1 2728
      1 2722
      1 2716
      1 2706
      1 2703
      1 2698
      1 2696
      1 2693
      1 2692
      1 2689
      1 2681
      1 2680
      1 2678
      1 2670
      1 2668
      1 2653
      1 2652
      1 2645
      1 2643
      1 2639
      1 2623
      1 2604
      1 2602
      1 2591
      1 2587
      1 2576
      1 2560
      1 2550
      1 2543
      1 2540
      1 2536
      1 2533
      1 2523
      1 2519
      1 2516
      1 2513
      1 2511
      1 2501
      1 2500
      1 2497
      1 2493
      1 2480
      1 2475
      1 2473
      1 2465
      1 2444
      1 2441
      1 2439
      1 2431
      1 2430
      1 2426
      1 2413
      1 2409
      1 2401
      1 2395
      1 2392
      1 2391
      1 2387
      1 2383
      1 2374
      1 2364
      1 2362
      1 2351
      1 2346
      1 2343
      1 2333
      1 2329
      1 2326
      1 2324
      1 2321
      1 2319
      1 2314
      1 2300
      1 2289
      1 2272
      1 2271
      1 2261
      1 2259
      1 2257
      1 2253
      1 2252
      1 2244
      1 2235
      1 2232
      1 2225
      1 2224
      1 2214
      1 2208
      1 2207
      1 2205
      1 2204
      1 2203
      1 2202
      1 2200
      1 2189
      1 2188
      1 2178
      1 2176
      1 2173
      1 2171
      1 2170
      1 2159
      1 2151
      1 2144
      1 2141
      1 2140
      1 2138
      1 2128
      1 2123
      1 2122
      1 2113
      1 2106
      1 2083
      1 2079
      1 2075
      1 2067
      1 2063
      1 2059
      1 2057
      1 2050
      1 2045
      1 2024
      1 2023
      1 2019
      1 2015
      1 2009
      1 2005
      1 2003
      1 1324
      1 0943
      1 0918
      1 0917
      1 0912
      1 0911
      1 0899
      1 0882
      1 0880
      1 0878
      1 0876
      1 0866
      1 0865
      1 0864
      1 0843
      1 0836
      1 0832
      1 0831
      1 0819
      1 0818
      1 0813
      1 0802
      1 0799
      1 0798
      1 0791
      1 0790
      1 0769
      1 0766
      1 0761
      1 0760
      1 0759
      1 0754
      1 0738
      1 0736
      1 0729
      1 0722
      1 0715
      1 0701
      1 0700
      1 0683
      1 0652
      1 0651
      1 0649
      1 0640
      1 0637
      1 0636
      1 0635
      1 0630
      1 0610
      1 0594
      1 0589
      1 0577
      1 0575
      1 0573
      1 0566
      1 0563
      1 0562
      1 0561
      1 0551
      1 0550
      1 0541
      1 0531
      1 0524
      1 0519
      1 0517
      1 0501
      1 0488
      1 0487
      1 0484
      1 0482
      1 0468
      1 0466
      1 0465
      1 0462
      1 0456
      1 0455
      1 0442
      1 0441
      1 0436
      1 0435
      1 0431
      1 0427
      1 0426
      1 0420
      1 0418
      1 0408
      1 0405
      1 0404
      1 0400
      1 0393
      1 0392
      1 0389
      1 0388
      1 0387
      1 0386
      1 0384
      1 0383
      1 0364
      1 0358
      1 0357
      1 0354
      1 0352
      1 0351
      1 0345
      1 0343
      1 0342
      1 0339
      1 0330
      1 0318
      1 0317
      1 0313
      1 0312
      1 0311
      1 0310
      1 0305
      1 0304
