0304
0305
0310
0311
0312
0313
0316
0316
0316
0317
0318
0322
0322
0322
0330
0338
0338
0339
0342
0343
0344
0344
0345
0351
0352
0353
0353
0354
0356
0356
0356
0356
0356
0356
0356
0356
0357
0358
0359
0359
0364
0383
0384
0386
0387
0388
0389
0392
0393
0400
0404
0405
0408
0410
0410
0410
0410
0411
0411
0418
0420
0426
0427
0430
0430
0430
0431
0434
0434
0434
0435
0436
0441
0442
0455
0456
0460
0460
0462
0464
0464
0464
0464
0464
0464
0465
0466
0467
0467
0468
0482
0484
0487
0488
0501
0516
0516
0517
0519
0523
0523
0524
0530
0530
0531
0532
0532
0532
0536
0536
0536
0536
0536
0536
0536
0536
0536
0537
0537
0538
0538
0541
0550
0551
0561
0562
0563
0566
0573
0574
0574
0575
0577
0589
0591
0591
0592
0592
0593
0593
0594
0595
0595
0595
0610
0630
0635
0636
0637
0640
0649
0651
0652
0683
0700
0701
0713
0713
0713
0715
0720
0720
0722
0729
0736
0738
0753
0753
0754
0759
0760
0761
0766
0769
0790
0791
0798
0799
0802
0813
0818
0819
0831
0832
0836
0843
0851
0851
0863
0863
0863
0864
0865
0866
0876
0878
0880
0881
0881
0882
0899
0911
0912
0917
0918
0943
0944
0944
1324
2001
2001
2001
2001
2001
2001
2002
2002
2002
2002
2002
2002
2003
2004
2004
2004
2005
2006
2006
2006
2006
2007
2007
2009
2010
2010
2010
2010
2010
2015
2016
2016
2019
2020
2020
2023
2024
2032
2032
2032
2035
2035
2035
2035
2041
2041
2042
2042
2042
2043
2043
2043
2043
2043
2043
2045
2050
2053
2053
2053
2053
2057
2059
2061
2061
2063
2065
2065
2067
2069
2069
2075
2079
2081
2081
2081
2083
2085
2085
2085
2093
2093
2096
2096
2096
2106
2113
2120
2120
2121
2121
2121
2121
2122
2123
2124
2124
2126
2126
2126
2126
2126
2126
2126
2126
2127
2127
2128
2130
2130
2130
2136
2136
2136
2136
2138
2140
2141
2144
2151
2159
2170
2171
2173
2176
2178
2179
2179
2179
2179
2184
2184
2188
2189
2192
2192
2196
2196
2196
2200
2202
2203
2204
2205
2206
2206
2206
2206
2207
2208
2214
2224
2225
2226
2226
2232
2235
2240
2240
2241
2241
2244
2245
2245
2246
2246
2246
2246
2252
2253
2255
2255
2257
2258
2258
2259
2261
2265
2265
2271
2272
2284
2284
2289
2300
2301
2301
2311
2311
2311
2311
2314
2319
2321
2324
2325
2325
2326
2329
2332
2332
2332
2333
2337
2337
2337
2342
2342
2343
2344
2344
2345
2345
2346
2351
2357
2357
2357
2357
2357
2357
2358
2358
2359
2359
2359
2359
2359
2359
2362
2364
2369
2369
2374
2376
2376
2383
2387
2391
2392
2395
2396
2396
2396
2396
2396
2396
2396
2401
2402
2402
2402
2402
2402
2402
2402
2402
2402
2403
2403
2404
2404
2404
2405
2405
2409
2413
2426
2429
2429
2430
2431
2438
2438
2439
2440
2440
2440
2441
2444
2465
2473
2475
2480
2493
2497
2500
2501
2503
2503
2503
2503
2507
2507
2507
2508
2508
2511
2513
2516
2519
2520
2520
2520
2520
2522
2522
2523
2526
2526
2526
2526
2528
2528
2528
2532
2532
2532
2532
2532
2533
2536
2537
2537
2537
2537
2537
2540
2543
2550
2556
2556
2560
2562
2562
2576
2587
2590
2590
2590
2591
2592
2592
2602
2604
2608
2608
2608
2608
2623
2639
2643
2645
2652
2653
2668
2670
2678
2680
2681
2688
2688
2689
2692
2693
2696
2698
2700
2700
2703
2706
2716
2722
2723
2723
2725
2725
2725
2728
2729
2729
2730
2730
2730
2730
2730
2750
2752
2753
2759
2759
2759
2771
2772
2776
2776
2778
2788
2800
2803
2803
2803
2803
2803
2803
2803
2804
2810
2813
2815
2827
2840
2844
2849
2855
2882
2887
2894
2894
2894
2894
2894
2894
2902
2913
2916
2916
2930
2940
2940
2945
2946
2946
2959
2960
2968
2976
2992
2996
3030
3030
3031
3032
3033
3033
3034
3034
3035
3035
3036
3042
3051
3056
3066
3066
3066
3075
3076
3082
3083
3086
3098
3100
3101
3102
3102
3103
3104
3105
3106
3107
3108
3109
3110
3110
3111
3111
3111
3112
3113
3114
3115
3116
3117
3118
3119
3120
3121
3126
3127
3128
3129
3130
3131
3132
3133
3134
3135
3136
3137
3138
3139
3140
3141
3142
3143
3148
3148
3153
3153
3160
3163
3164
3165
3165
3167
3171
3175
3176
3176
3177
3178
3179
3180
3181
3182
3183
3184
3185
3186
3187
3188
3189
3190
3191
3192
3193
3194
3195
3196
3197
3197
3198
3199
3200
3201
3201
3201
3202
3202
3203
3204
3204
3205
3206
3206
3206
3208
3210
3210
3210
3210
3210
3210
3210
3211
3212
3212
3212
3212
3213
3213
3213
3215
3216
3217
3217
3218
3220
3220
3220
3221
3221
3222
3223
3223
3223
3225
3225
3225
3226
3226
3227
3228
3235
3235
3237
3240
3242
3247
3247
3248
3249
3249
3249
3249
3249
3250
3250
3252
3252
3252
3252
3252
3252
3253
3253
3253
3257
3258
3259
3264
3265
3265
3266
3269
3272
3273
3273
3273
3275
3276
3278
3280
3281
3284
3285
3295
3303
3303
3303
3310
3311
3311
3312
3312
3318
3318
3318
3318
3319
3330
3330
3330
3334
3334
3335
3336
3340
3341
3345
3345
3346
3347
3347
3348
3353
3354
3357
3357
3358
3358
3358
3359
3359
3365
3369
3369
3374
3375
3378
3381
3381
3381
3381
3384
3386
3387
3388
3392
3396
3397
3400
3401
3402
3403
3403
3407
3409
3410
3410
3411
3419
3433
3434
3434
3436
3436
3437
3442
3447
3447
3447
3447
3447
3447
3448
3454
3460
3461
3461
3461
3464
3464
3466
3467
3472
3473
3475
3476
3476
3476
3476
3476
3478
3480
3481
3482
3484
3484
3485
3489
3498
3499
3506
3507
3508
3509
3514
3515
3523
3526
3527
3532
3532
3532
3540
3541
3542
3545
3546
3547
3548
3550
3551
3552
3553
3554
3554
3554
3554
3555
3556
3556
3557
3558
3559
3560
3567
3573
3576
3579
3579
3579
3581
3582
3587
3594
3595
3596
3596
3597
3600
3600
3603
3604
3606
3606
3606
3606
3620
3621
3623
3623
3623
3624
3629
3632
3643
3659
3659
3659
3672
3674
3676
3676
3679
3679
3687
3687
3688
3688
3692
3693
3693
3693
3693
3704
3704
3711
3716
3721
3722
3734
3735
3735
3739
3742
3744
3747
3752
3752
3753
3753
3753
3753
3753
3753
3756
3757
3757
3757
3759
3761
3763
3765
3769
3769
3769
3769
3769
3774
3780
3782
3785
3788
3790
3795
3795
3796
3799
3802
3809
3810
3824
3824
3826
3830
3837
3843
3844
3850
3850
3850
3852
3863
3864
3866
3867
3877
3877
3889
3900
3900
3900
3900
3900
3905
3909
3910
3910
3910
3911
3918
3918
3918
3918
3925
3937
3945
3945
3945
3945
3945
3961
3962
3966
3971
3973
3975
3980
3980
3990
3995
A101
A101
A1010
A1010
A1017
A1021
A103
A103
A1037
A104
A104
A1066
A1066
A1066
A108
A108
A1092
A112
A112
A112
A112
A112
A112
A112 
A113
A113
A113
A1150
A1156
A1157
A1159
A1159
A1159
A1163
A1164
A1168
A117
A117
A117
A1179
A118
A1206
A122
A122
A122
A1220
A1292
A130
A130
A1302
A1313
A1319
A134
A1384
A1384
A1384
A1384
A1384
A1389
A1394
A141
A141
A141
A142
A1447
A1452
A1452
A1453
A1463
A1463
A1465
A147
A147
A1478
A150
A150
A1501
A1513
A1517
A1518
A152
A1543
A1548
A1548
A165
A165
A165
A172
A172
A178
A178
A188
A1901
A1922
A195
A196
A196
A1979
A1980
A200
A2001
A2002
A2082
A2126
A2166
A2179
A220
A225
A235
A240
A240
A242
A243
A250
A252
A252
A252
A253
A253
A253
A253
A255
A272
A272
A272
A273
A279
A281
A289
A291
A292
A293
A297
A297
A309
A310
A310
A310
A311
A314
A322
A322
A326
A326
A337
A337
A343
A343
A361
A361
A372
A376
A381
A382
A383
A383
A383
A383
A383
A383
A383
A383
A383
A384
A385
A386
A389
A389
A389
A389
A389
A389
A406
A406
A418
A418
A421
A421
A421
A421
A425
A425
A429
A431
A431
A431
A432
A432
A432
A432
A433
A437
A440
A440
A440
A441
A445
A445
A445
A455
A457
A457
A459
A461
A472
A473
A473
A473
A473
A473
A473
A473
A475
A475
A475
A476
A478
A478
A478
A482
A482
A482
A483
A484
A484
A500
A500
A500
A500
A501
A506
A507
A508
A516
A518
A518
A520
A521
A525
A529
A532
A536
A537
A541
A548
A548
A549
A549
A549
A550
A551
A551
A562
A565
A565
A566
A566
A566
A568
A580
A585
A588
A589
A613
A614
A614
A619
A622
A631
A673
A673
A689
A690
A691
A699
A699
A700
A700
A707
A708
A717
A718
A723
A731
A757
A802
A808
A839
A854
A857
A865
A868
A870
A882
A883
A886
A897
A902
A910
A954
A956
X2121
X2289
X2342
X2355
X2359
X2430
X2430
X2431
X2592
X2592
X2677
X2772
X2776
X2776