A196
A292
A310
A326
A343
A382
A383
A389
A431
A432
A461
A473
A482
A549
A565
A708
A723
A757
A1010
A1292
A1384
A1463
A1548
A1901
A1922
A1980
0322
0356
0359
0364
0384
0392
0393
0411
0430
0434
0536
0537
0574
0595
0683
0713
0753
0863
2001
2002
2003
2004
2005
2006
2007
2010
2016
2019
2020
2023
2024
2032
2035
2041
2042
2043
2045
2050
2053
2059
2061
2065
2067
2069
2075
2079
2081
2083
2085
2093
2096
2015
2106
2120
2121
X2121
2122
2123
2124
2126
2136
2138
2140
2141
2144
2159
2170
2173
2176
2179
2184
2188
2189
2192
2196
2200
2202
2203
2204
2206
2207
2208
2214
2224
2225
2226
2232
2240
2244
2245
2246
2253
2255
2258
2261
2265
2271
2272
2284
2289
X2289
2300
2301
2319
2324
2325
2332
2337
2342
X2342
2344
2345
2346
2351
X2355
2357
2358
2359
2362
2364
2369
2376
2383
2387
2391
2395
2396
2401
2402
2403
2404
2405
2413
2429
2430
X2430
2431
2438
2439
2440
2444
2480
2500
2501
2503
2507
2513
2520
2522
2526
2528
2532
2533
2536
2537
2540
2556
2560
2562
2576
2587
2590
2592
X2592
2602
2608
2623
2639
2643
2645
2652
2653
2670
X2677
2678
2680
2681
2688
2689
2692
2693
2696
2698
2700
2703
2716
2723
2725
2728
2729
2730
2750
2752
2753
2759
2668
2771
2776
X2776
2778
2688
2788
2800
2803
2804
2810
2813
2815
2827
2840
2849
2855
2882
2894
2913
2916
2930
2940
2946
2959
2968
2992
2996
3033
3035
3042
3066
3148
3197
3201
3202
3206
3208
3210
3212
3213
3220
3225
3240
3249
3252
3295
3303
3312
3334
3335
3347
3358
3400
3401
3402
3403
3436
3447
3454
3476
3478
3489
3554
3556
3623
3629
3659
3676
3734
3744
3753
3769
3774
3795
3809
3824
3900
3918
3945
3990