A314
A383
A473
A551
0322
0464
2001
2002
2006
2010
2016
2032
2035
2043
2053
2065
2081
2085
2096
2120
2121
2126
2127
2136
2196
2241
2246
2258
2259
2357
X2359
2396
2402
2404
2405
2409
X2430
2440
2503
2520
2526
2532
2537
X2592
2608
2730
2803
2894
2940
3066
3210
3253
3330
3447
3476
3554
3889
A381
A383
A389
A473
A1384
0322
0356
0430
0640
0532
0536
2001
2002
2006
2010
2035
2041
2042
2043
2053
2061
2063
2081
2085
2093
2096
2121
2126
2130
2136
2179
2196
2205
2235
2246
2255
2265
2332
2342
2343
2345
2357
2358
2359
2369
2376
2396
2402
2404
2429
2438
2440
2497
2503
2508
2519
2520
2522
2526
2528
2532
2537
2543
2556
2590
2591
2537
2608
2700
2723
2729
2730
2772
X2772
2776
X2776
2803
2894
2916
3102
3111
3210
3249
3252
3312
3318
3403
3447
3460
3464
3476
3532
3554
3769
3945
