A112 
A165
A196
A235
A272
A297
A383
A386
A389
A406
A421
A431
A433
A445
A500
A588
A1066
0304
0305
0316
1324
0338
0339
0342
0343
0344
0345
0351
0352
0353
0354
0356
0357
0358
0383
0386
0387
0388
0389
0404
0405
0408
0410
0411
0418
0420
0426
0427
0430
0431
0434
0441
0442
0455
0456
0462
0464
0465
0466
0467
0468
0484
0487
0488
0516
0517
0519
0523
0524
0530
0531
0532
0536
0537
0538
0541
0550
0551
0561
0562
0563
0566
0573
0574
0575
0577
0592
0593
0595
0610
0636
0637
0651
0652
0700
0701
0713
0715
0736
0738
0753
0754
0759
0760
0761
0766
0769
0790
0791
0798
0799
0802
0818
0819
0831
0832
0836
0851
0863
0864
0865
0876
0866
0878
0880
0881
0882
0899
0911
0912
0917
0918
0943
0944
A1066
2001
2002
2006
2007
2043
2053
2057
2113
2009
2121
2126
2130
2151
2171
2178
2179
2192
2206
2240
2257
2284
2311
2344
2357
2359
2392
2396
2402
2403
2465
2473
2493
2507
2526
2532
2550
2562
2590
2725
2730
2759
2803
2887
2894
2976
3030
3031
3032
3033
3034
3035
3036
3051
3056
3066
3075
3076
3082
3083
3086
3098
3100
3101
3102
3103
3104
3105
3106
3107
3108
3109
3110
3111
3112
3113
3114
3115
3116
3117
3118
3119
3120
3121
3126
3127
3128
3129
3130
3131
3132
3133
3134
3135
3136
3137
3138
3139
3140
3141
3142
3143
3148
3153
3160
3163
3164
3165
3171
3175
3176
3177
3178
3179
3180
3181
3182
3183
3184
3185
3186
3187
3188
3189
3190
3191
3192
3193
3194
3195
3196
3197
3198
3199
3200
3201
3202
3204
3205
3206
3210
3211
3212
3213
3216
3217
3218
3220
3221
3222
3223
3225
3226
3227
3228
3235
3237
3242
3247
3248
3249
3250
3252
3253
3257
3258
3259
3264
3265
3266
3269
3272
3273
3275
3276
3278
3280
3281
3284
3285
3303
3310
3311
3318
3319
3330
3336
3340
3341
3345
3346
3347
3348
3353
3354
3357
3358
3359
3365
3369
3374
3375
3381
3384
3386
3387
3388
3392
3396
3397
3407
3409
3410
3419
3433
3434
3436
3437
3442
3447
3448
3461
3464
3466
3467
3472
3473
3476
3480
3481
3482
3484
3485
3498
3499
3506
3507
3508
3509
3514
3515
3523
3526
3527
3532
3541
3540
3542
3545
3546
3547
3548
3550
3551
3552
3553
3554
3555
3556
3557
3558
3559
3560
3576
3579
3581
3582
3594
3595
3596
3597
3600
3603
3604
3606
3621
3623
3624
3632
3643
3659
3672
3674
3676
3679
3688
3679
3687
3692
3693
3704
3711
3716
3721
3722
3739
3742
3747
3752
3753
3756
3757
3759
3761
3765
3769
3780
3782
3785
3788
3790
3796
3799
3802
3810
3824
3826
3830
3837
3843
3850
3852
3863
3866
3867
3877
3900
3909
3910
3918
3925
3937
3945
3850
3961
3962
3966
3971
3973
3975
3980
3995